[11, 21, 49, 5, 18, 2, 5, 38, 5, 25]
[11, 21, 49, 5, 18, 2, 5, 38, 5, 25]
[11, 21, 5, 49, 18, 2, 5, 38, 5, 25]
[11, 21, 5, 18, 49, 2, 5, 38, 5, 25]
[11, 21, 5, 18, 2, 49, 5, 38, 5, 25]
[11, 21, 5, 18, 2, 5, 49, 38, 5, 25]
[11, 21, 5, 18, 2, 5, 38, 49, 5, 25]
[11, 21, 5, 18, 2, 5, 38, 5, 49, 25]
[11, 21, 5, 18, 2, 5, 38, 5, 25, 49]
[11, 21, 5, 18, 2, 5, 38, 5, 25, 49]
[11, 5, 21, 18, 2, 5, 38, 5, 25, 49]
[11, 5, 18, 21, 2, 5, 38, 5, 25, 49]
[11, 5, 18, 2, 21, 5, 38, 5, 25, 49]
[11, 5, 18, 2, 5, 21, 38, 5, 25, 49]
[11, 5, 18, 2, 5, 21, 38, 5, 25, 49]
[11, 5, 18, 2, 5, 21, 5, 38, 25, 49]
[11, 5, 18, 2, 5, 21, 5, 25, 38, 49]
[5, 11, 18, 2, 5, 21, 5, 25, 38, 49]
[5, 11, 18, 2, 5, 21, 5, 25, 38, 49]
[5, 11, 2, 18, 5, 21, 5, 25, 38, 49]
[5, 11, 2, 5, 18, 21, 5, 25, 38, 49]
[5, 11, 2, 5, 18, 21, 5, 25, 38, 49]
[5, 11, 2, 5, 18, 5, 21, 25, 38, 49]
[5, 11, 2, 5, 18, 5, 21, 25, 38, 49]
[5, 11, 2, 5, 18, 5, 21, 25, 38, 49]
[5, 2, 11, 5, 18, 5, 21, 25, 38, 49]
[5, 2, 5, 11, 18, 5, 21, 25, 38, 49]
[5, 2, 5, 11, 18, 5, 21, 25, 38, 49]
[5, 2, 5, 11, 5, 18, 21, 25, 38, 49]
[5, 2, 5, 11, 5, 18, 21, 25, 38, 49]
[2, 5, 5, 11, 5, 18, 21, 25, 38, 49]
[2, 5, 5, 11, 5, 18, 21, 25, 38, 49]
[2, 5, 5, 11, 5, 18, 21, 25, 38, 49]
[2, 5, 5, 5, 11, 18, 21, 25, 38, 49]
[2, 5, 5, 5, 11, 18, 21, 25, 38, 49]
[2, 5, 5, 5, 11, 18, 21, 25, 38, 49]
[2, 5, 5, 5, 11, 18, 21, 25, 38, 49]
[2, 5, 5, 5, 11, 18, 21, 25, 38, 49]
[2, 5, 5, 5, 11, 18, 21, 25, 38, 49]
[2, 5, 5, 5, 11, 18, 21, 25, 38, 49]
[2, 5, 5, 5, 11, 18, 21, 25, 38, 49]
[2, 5, 5, 5, 11, 18, 21, 25, 38, 49]
[2, 5, 5, 5, 11, 18, 21, 25, 38, 49]
[2, 5, 5, 5, 11, 18, 21, 25, 38, 49]
[2, 5, 5, 5, 11, 18, 21, 25, 38, 49]
